Tl: 0.1845265856012731 0.2214064590657531
Ts=50ac0*Tl: 55.357975680381934 66.42193771972593